0.00000000
0.20000000
0.40000000
0.60000000
0.80000000
1.00000000
1.20000000
1.40000000
1.60000000
1.80000000
2.00000000
2.20000000
2.40000000
23.18333333
43.96666667
64.75000000
85.53333333
106.31666667
127.10000000
147.88333333
168.66666667
189.45000000
210.23333333
231.01666667
251.80000000
272.58333333
293.36666667
314.15000000
334.93333333
355.71666667
376.50000000
397.28333333
418.06666667
438.85000000
459.63333333
480.41666667
501.20000000
521.98333333
542.76666667
563.55000000
584.33333333
605.11666667
625.90000000
646.68333333
667.46666667
688.25000000
709.03333333
729.81666667
750.60000000
771.38333333
792.16666667
812.95000000
833.73333333
854.51666667
875.30000000
896.08333333
916.86666667
937.65000000
958.43333333
979.21666667
1000.00000000

