 ux, uy and uz along y at bottom face
  0.000000000000000E+000  0.000000000000000E+000  0.000000000000000E+000
 -2.876838269389142E-013  7.224833480168437E-002  4.605273321008483E-002
 -9.440784069268371E-013  0.149057954338877       0.140361765875648     
 -1.893927077545473E-012  0.221540280831006       0.296956865935893     
 -3.107102164529322E-012  0.292781441794268       0.513735767604044     
 -4.571370172268860E-012  0.360604353942745       0.788127149451745     
 -6.273068652514558E-012  0.426031685645117        1.11821830433836     
 -8.195661251386267E-012  0.488634893766284        1.50154369680503     
 -1.032495791337713E-011  0.548644454413035        1.93603223671911     
 -1.264507204791857E-011  0.605972370652075        2.41939790302926     
 -1.515063420625478E-011  0.660642820913565        2.94943882453607     
 -1.781478991461552E-011  0.712642594887740        3.52391992463376     
 -2.063195757457058E-011  0.761976029714426        4.14062396991462     
 -2.359343199042640E-011  0.808642600902402        4.79732745050716     
 -2.669270211729665E-011  0.852642589339068        5.49180896381309     
 -2.992489573393029E-011  0.893975936418279        6.22184601036113     
 -3.329692914391491E-011  0.932642594460114        6.98521641191154     
 -3.678889598942787E-011  0.968642597247164        7.77969791690404     
 -4.040489307107866E-011   1.00197592596140        8.60306830766392     
 -4.412193103243063E-011   1.03264259444928        9.45310536529105     
 -4.793354242293965E-011   1.06064259227470        10.3275868652230     
 -5.180461810332762E-011   1.08597590632758        11.2242906088140     
 -5.572404987875899E-011   1.10864260947260        12.1409943102031     
 -5.967703793226249E-011   1.12864253476006        13.0754759028990     
 -6.362582486484616E-011   1.14597616234836        14.0255125238292     
 -6.760286357926570E-011   1.16064230617173        14.9888834319163     
 -7.156952253291836E-011   1.17264354861398        15.9633641994293     
 -7.550168754123404E-011   1.18197338526855        16.9467315674115     
 -7.934804168275140E-011   1.18864339209118        17.9367759269144     
 -8.311371576267732E-011   1.19261362599009        18.9312301551458     
 -8.691140779179745E-011   1.19400979637182        19.9281044995377     
 y, sig yy along y at bottom face
  0.000000000000000E+000   1534.63606444266     
   16.6666666666667        1047.41980223723     
   33.3333333333333        1127.50281674340     
   50.0000000000000        1044.56751443040     
   66.6666666666667        1045.64300032150     
   83.3333333333333        999.346409816727     
   100.000000000000        964.626760221982     
   116.666666666667        919.112584019868     
   133.333333333333        880.196250374206     
   150.000000000000        839.297409986569     
   166.666666666667        800.105462432259     
   183.333333333333        759.972503315209     
   200.000000000000        720.081668109916     
   216.666666666667        679.989145238258     
   233.333333333333        640.003555151240     
   250.000000000000        599.991122748055     
   266.666666666667        560.001077791937     
   283.333333333333        519.999613665244     
   300.000000000000        480.000716787387     
   316.666666666667        439.999761129939     
   333.333333333333        399.999589130531     
   350.000000000000        360.000106587571     
   366.666666666667        320.002273175873     
   383.333333333333        280.000521757683     
   400.000000000000        240.039541244547     
   416.666666666667        199.956075297573     
   433.333333333333        160.027827485181     
   450.000000000000        120.101460155412     
   466.666666666667        79.7102387389313     
   483.333333333333        40.6545384605268     
   500.000000000000        2.62043844497631     
 sig xx, sig yy, sig zz along y at bottom face
   657.701170475424        1534.63606444266        657.701170475424     
  -107.771076083269        1047.41980223723       -100.501121240019     
   34.0863738494609        1127.50281674340        33.5800974981922     
  -83.5350976526874        1044.56751443040       -82.6126502122850     
   14.9654582569892        1045.64300032150        15.2675425509822     
  -4.52296105987864        999.346409816727       -4.87834341611165     
   11.3633270258491        964.626760221982        11.9951745507527     
  -1.79186106496888        919.112584019868       -1.96790246953208     
  0.532173956947247        880.196250374206       0.613892472588418     
  -1.34235357086737        839.297409986569       -1.50463562386167     
  0.183773584822347        800.105462432259       0.213549651791368     
 -5.499253852582342E-002   759.972503315209      -6.537704084723828E-002
  0.139153689923688        720.081668109916       0.161839027359918     
 -1.768156963271394E-002   679.989145238258      -2.088118474500789E-002
  5.515123663144550E-003   640.003555151240       6.403089511650251E-003
 -1.363873066520682E-002   599.991122748055      -1.580307858159813E-002
  1.644229396674746E-003   560.001077791937       1.862818900178809E-003
 -4.651223921996461E-004   519.999613665244      -4.577244733923180E-004
  7.226577306198578E-004   480.000716787387       5.049494998843329E-004
  1.718005833595271E-005   439.999761129939       1.689301047065328E-004
 -8.604620510652694E-004   399.999589130531      -1.314969096739560E-003
  4.690473107856974E-003   360.000106587571       7.561577333291325E-003
 -1.440179964134813E-003   320.002273175873      -2.780806019018200E-003
  7.355481624244931E-003   280.000521757683       1.063989956790579E-002
 -6.038708865318654E-003   240.039541244547      -2.633384805729122E-002
 -4.259566028892436E-003   199.956075297573       5.796077467337568E-003
 -1.287097875248833E-003   160.027827485181      -3.118660887305680E-002
 -7.259116621728623E-002   120.101460155412       2.655858750423334E-002
  7.870940456354703E-002   79.7102387389313       9.691730395097409E-003
 -0.157492893704031        40.6545384605268       1.302512876164741E-002
  -1.05653996182282        2.62043844497631       0.144706481244187     
 tau yz along y at mid face
   122.774643671142     
   3.65612913510444     
  -4.54874815266534     
   12.6299041924856     
   4.33905591188273     
   5.38699648761236     
   5.11984326695240     
   5.39839585831695     
   5.26110081899364     
   5.32844530701464     
   5.26288442622830     
   5.27766389709233     
   5.26753800275697     
   5.27649420205652     
   5.27511514475707     
   5.27620471244288     
   5.27528778506404     
   5.27542036000545     
   5.27520020735320     
   5.27543163216227     
   5.27524540674737     
   5.27541522165683     
   5.27544574702859     
   5.27612454525135     
   5.28261632620283     
   5.27345749443878     
   5.28382291412482     
   5.30157847150843     
   5.23485298999894     
   5.03288048613422     
   6.01397001390543     
 tau yz along z at mid span
   599.991122748055      -2.439538820953047E-003 -1.580307858159813E-002
   575.993657067686        1.16902241323992      -8.966984654193766E-003
   551.996205934415        2.28084193276076      -3.885530038445495E-003
   527.998494035279        3.33490879033959      -3.144961558234627E-004
   504.000354592066        4.33288080781402       1.989304829322691E-003
   480.001707936416        5.27620471244288       3.261988232225121E-003
   456.002542010538        6.16613715540351       3.727378750369326E-003
   432.002894795197        7.00376589414920       3.592619250511575E-003
   408.002838663817        7.79003113891734       3.044604679402596E-003
   384.002466663398        8.52574706275022       2.247242326319565E-003
   360.001880721599        9.21162347597346       1.339536527169116E-003
   336.001181780569        9.84828766429683       4.344999925507409E-004
   312.000461857113        10.4363063911490      -3.811098769261889E-004
   287.999798029871        10.9762080636738      -1.046227907991693E-003
   263.999248352381        11.4685050629413      -1.524093728974663E-003
   239.998849692992        11.9137162380823      -1.800038118503267E-003
   215.998617501254        12.3123895640908      -1.878443603693825E-003
   191.998547500843        12.6651249641057      -1.778879604160011E-003
   167.998619309072        12.9725972953392      -1.531411583911790E-003
   143.998801982632        13.2355794987167      -1.171085269632499E-003
   119.999061490263        13.4549659132085      -7.315843308788317E-004
   95.9993701116084        13.6317957533316      -2.380631586227366E-004
   71.9997177628437        13.7672767511380       3.008466473737315E-004
   48.0001252485781        13.8628089620116       9.018547945274236E-004
   24.0006594405170        13.9200087342703       1.616657083913786E-003
 -2.258341175957052E-009   13.9407328418817      -5.562809161658439E-009
  -24.0006594404416        13.9200087341540      -1.616657181964243E-003
  -48.0001252464987        13.8628089628298      -9.018501942996693E-004
  -71.9997177604441        13.7672767520740      -3.008414384311209E-004
  -95.9993701098513        13.6317957539305       2.380666565180434E-004
  -119.999061489567        13.4549659133590       7.315851365916615E-004
  -143.998801983018        13.2355794983924       1.171083372902615E-003
  -167.998619310309        12.9725972946715       1.531407600758428E-003
  -191.998547502557        12.6651249633248       1.778874499841265E-003
  -215.998617503020        12.3123895633446       1.878438446958342E-003
  -239.998849694415        11.9137162375547       1.800033900806852E-003
  -263.999248353166        11.4685050627740       1.524091210086453E-003
  -287.999798029841        10.9762080638694       1.046227527851329E-003
  -312.000461856240        10.4363063916910       3.811117097427541E-004
  -336.001181778987        9.84828766510415      -4.344962547548903E-004
  -360.001880719564        9.21162347685630      -1.339531512385861E-003
  -384.002466661250        8.52574706355459      -2.247236901055771E-003
  -408.002838661936        7.79003113947031      -3.044599804141512E-003
  -432.002894793908        7.00376589433175      -3.592615791220055E-003
  -456.002542010044        6.16613715512596      -3.727377244814534E-003
  -480.001707936610        5.27620471184347      -3.261988596847232E-003
  -504.000354592460        4.33288080719326      -1.989306035568461E-003
  -527.998494034787        3.33490879026567       3.144964620673818E-004
  -551.996205931213        2.28084193406927       3.885535969260445E-003
  -575.993657058999        1.16902241735094       8.967002539122859E-003
  -599.991122729929      -2.439530141731175E-003  1.580311750046803E-002
 ux, uy and uz along z at mid span
 -3.082552430753962E-011   1.11788002970508        6.22589604773685     
 -3.064335691074446E-011   1.07307765546366        6.22501401424697     
 -3.046265944065016E-011   1.02828666902431        6.22416799932495     
 -3.028293228963066E-011  0.983506448669519        6.22335799673523     
 -3.010377936508637E-011  0.938736396716915        6.22258400163174     
 -2.992489573393029E-011  0.893975936418279        6.22184601036113     
 -2.974605650896038E-011  0.849224509161472        6.22114402027989     
 -2.956710470882597E-011  0.804481571975276        6.22047802958540     
 -2.938794177806977E-011  0.759746595337168        6.21984803716112     
 -2.920851447855925E-011  0.715019061284004        6.21925404243559     
 -2.902881007889372E-011  0.670298461825626        6.21869604525547     
 -2.884884054291230E-011  0.625584297661398        6.21817404577259     
 -2.866864021974819E-011  0.580876077199645        6.21768804434493     
 -2.848825275057037E-011  0.536173315880034        6.21723804145162     
 -2.830772497099365E-011  0.491475535798855        6.21682403762184     
 -2.812710087203147E-011  0.446782265637238        6.21644603337779     
 -2.794641128308909E-011  0.402093040892282        6.21610402919159     
 -2.776567098220475E-011  0.357407404411106        6.21579802545616     
 -2.758487500126551E-011  0.312724907227826        6.21552802247006     
 -2.740398197472918E-011  0.268045109703444        6.21529402043633     
 -2.722292356990681E-011  0.223367582968660        6.21509601947534     
 -2.704159055387951E-011  0.178691910669611        6.21493401965155     
 -2.685983344894313E-011  0.134017691016523        6.21480802101424     
 -2.667745630559261E-011  8.934453913528587E-002   6.21471802365235     
 -2.649421633431413E-011  4.467208972194806E-002   6.21466402776310     
 -2.630981938222434E-011  1.349249513157128E-013   6.21464603373475     
 -2.613250370969387E-011 -4.467208972169302E-002   6.21466402776308     
 -2.595142414132980E-011 -8.934453913502535E-002   6.21471802365234     
 -2.576787069224991E-011 -0.134017691016250        6.21480802101425     
 -2.558281530274444E-011 -0.178691910669327        6.21493401965157     
 -2.539696012154265E-011 -0.223367582968369        6.21509601947538     
 -2.521078343614789E-011 -0.268045109703153        6.21529402043636     
 -2.502458269165576E-011 -0.312724907227541        6.21552802247008     
 -2.483851471454885E-011 -0.357407404410831        6.21579802545616     
 -2.465263496981511E-011 -0.402093040892017        6.21610402919157     
 -2.446692307458603E-011 -0.446782265636984        6.21644603337775     
 -2.428132100965906E-011 -0.491475535798608        6.21682403762178     
 -2.409575909884512E-011 -0.536173315879790        6.21723804145155     
 -2.391017669387712E-011 -0.580876077199399        6.21768804434487     
 -2.372454623776234E-011 -0.625584297661145        6.21817404577254     
 -2.353889073201795E-011 -0.670298461825365        6.21869604525544     
 -2.335329721111067E-011 -0.715019061283732        6.21925404243558     
 -2.316793055818780E-011 -0.759746595336887        6.21984803716114     
 -2.298303855857011E-011 -0.804481571974990        6.22047802958543     
 -2.279896206531643E-011 -0.849224509161185        6.22114402027993     
 -2.261613206435050E-011 -0.893975936417997        6.22184601036118     
 -2.243507402141329E-011 -0.938736396716639        6.22258400163178     
 -2.225639891104971E-011 -0.983506448669247        6.22335799673527     
 -2.208080011816079E-011  -1.02828666902403        6.22416799932500     
 -2.190904108731434E-011  -1.07307765546334        6.22501401424706     
 -2.174194211701930E-011  -1.11788002970467        6.22589604773703     
 strain yz components and Eyz along z at mid span
  4.480825034709360E-002 -4.480828206109827E-002 -3.171400467238961E-008
  4.481177184409370E-002 -4.479657455272158E-002  1.519729137211892E-005
  4.481515283395331E-002 -4.478550188882741E-002  2.965094512588987E-005
  4.481839219707420E-002 -4.477503838279978E-002  4.335381427441470E-005
  4.482148905097871E-002 -4.476516160047714E-002  5.632745050158233E-005
  4.482444271849342E-002 -4.475585205723166E-002  6.859066126175747E-005
  4.482725269806932E-002 -4.474709291504908E-002  8.015978302024565E-005
  4.482991863623180E-002 -4.473886967960786E-002  9.104895662393961E-005
  4.483244030216490E-002 -4.473116989735897E-002  1.012704048059254E-004
  4.483481756442073E-002 -4.472398285260498E-002  1.108347118157528E-004
  4.483705036976759E-002 -4.471729926457993E-002  1.197511051876550E-004
  4.483913872416448E-002 -4.471111098452862E-002  1.280277396358588E-004
  4.484108267587120E-002 -4.470541069278626E-002  1.356719830849368E-004
  4.484288230068555E-002 -4.470019159585778E-002  1.426907048277595E-004
  4.484453768931559E-002 -4.469544712349736E-002  1.490905658182370E-004
  4.484604893688308E-002 -4.469117062578801E-002  1.548783110950705E-004
  4.484741613455420E-002 -4.468735507022101E-002  1.600610643331807E-004
  4.484863936330877E-002 -4.468399273877539E-002  1.646466245333739E-004
  4.484971868983682E-002 -4.468107492499741E-002  1.686437648394101E-004
  4.485065416456338E-002 -4.467859163108007E-002  1.720625334833172E-004
  4.485144582181430E-002 -4.467653126494259E-002  1.749145568717102E-004
  4.485209368210329E-002 -4.467488033730999E-002  1.772133447933109E-004
  4.485259775655714E-002 -4.467362315879235E-002  1.789745977647944E-004
  4.485295805347076E-002 -4.467274153696461E-002  1.802165165061508E-004
  4.485317458699128E-002 -4.467221447344577E-002  1.809601135455141E-004
  2.242662369396921E-002   124.977663991069       1.812295269444618E-004
  4.485317458699177E-002 -4.467221447344777E-002  1.809601135440014E-004
  4.485295805347069E-002 -4.467274153695390E-002  1.802165165167881E-004
  4.485259775655630E-002 -4.467362315877935E-002  1.789745977769618E-004
  4.485209368210166E-002 -4.467488033730056E-002  1.772133448010964E-004
  4.485144582181302E-002 -4.467653126493935E-002  1.749145568736669E-004
  4.485065416456228E-002 -4.467859163108318E-002  1.720625334791018E-004
  4.484971868983619E-002 -4.468107492500546E-002  1.686437648307296E-004
  4.484863936330935E-002 -4.468399273878614E-002  1.646466245232223E-004
  4.484741613455545E-002 -4.468735507023197E-002  1.600610643234801E-004
  4.484604893688511E-002 -4.469117062579690E-002  1.548783110882114E-004
  4.484453768931854E-002 -4.469544712350247E-002  1.490905658160617E-004
  4.484288230068856E-002 -4.470019159585825E-002  1.426907048303026E-004
  4.484108267587409E-002 -4.470541069278211E-002  1.356719830919832E-004
  4.483913872416707E-002 -4.471111098452073E-002  1.280277396463539E-004
  4.483705036976914E-002 -4.471729926457001E-002  1.197511051991319E-004
  4.483481756442138E-002 -4.472398285259518E-002  1.108347118262097E-004
  4.483244030216464E-002 -4.473116989735153E-002  1.012704048131141E-004
  4.482991863623093E-002 -4.473886967960462E-002  9.104895662631271E-005
  4.482725269806749E-002 -4.474709291505086E-002  8.015978301663743E-005
  4.482444271849143E-002 -4.475585205723746E-002  6.859066125396510E-005
  4.482148905097681E-002 -4.476516160048330E-002  5.632745049351240E-005
  4.481839219707240E-002 -4.477503838279895E-002  4.335381427345367E-005
  4.481515283395035E-002 -4.478550188880745E-002  2.965094514290056E-005
  4.481177184408981E-002 -4.479657455266425E-002  1.519729142556228E-005
  4.480825034708613E-002 -4.480828206097798E-002 -3.171389184250528E-008
 dUy/dz
 -4.479668034038331E-002
 -4.478560339706933E-002
 -4.477513615369771E-002
 -4.476525612562005E-002
 -4.475594377772157E-002
 -4.474718222150170E-002
 -4.473895691215213E-002
 -4.473125534563616E-002
 -4.472406675577073E-002
 -4.471738181130303E-002
 -4.471119231299048E-002
 -4.470549089068165E-002
 -4.470027070039512E-002
 -4.469552512139813E-002
 -4.469124745328676E-002
 -4.468743061306577E-002
 -4.468406683222761E-002
 -4.468114735383130E-002
 -4.467866212958334E-002
 -4.467659951691631E-002
 -4.467494597606823E-002
 -4.467368576716269E-002
 -4.467280064728761E-002
 -4.467226956757547E-002
 -4.467208972182054E-002
 -4.467226956758014E-002
 -4.467280064727866E-002
 -4.467368576715061E-002
 -4.467494597605923E-002
 -4.467659951691309E-002
 -4.467866212958632E-002
 -4.468114735383888E-002
 -4.468406683223780E-002
 -4.468743061307656E-002
 -4.469124745329539E-002
 -4.469552512140301E-002
 -4.470027070039567E-002
 -4.470549089067766E-002
 -4.471119231298271E-002
 -4.471738181129331E-002
 -4.472406675576140E-002
 -4.473125534562938E-002
 -4.473895691214896E-002
 -4.474718222150309E-002
 -4.475594377772679E-002
 -4.476525612562504E-002
 -4.477513615369466E-002
 -4.478560339704618E-002
 -4.479668034032191E-002
 dUz/dy
  4.478955143989643E-002
  4.479293531762499E-002
  4.479617530503900E-002
  4.479927135786967E-002
  4.480222344295347E-002
  4.480503153650446E-002
  4.480769562251812E-002
  4.481021569131142E-002
  4.481259173819259E-002
  4.481482376226823E-002
  4.481691176538041E-002
  4.481885575117980E-002
  4.482065572432991E-002
  4.482231168984684E-002
  4.482382365257076E-002
  4.482519161677172E-002
  4.482641558588903E-002
  4.482749556240258E-002
  4.482843154783969E-002
  4.482922354291305E-002
  4.482987154779496E-002
  4.483037556252126E-002
  4.483073558753208E-002
  4.483095162434417E-002
  4.483102367635655E-002
  4.483095162434433E-002
  4.483073558753210E-002
  4.483037556252094E-002
  4.482987154779448E-002
  4.482922354291267E-002
  4.482843154783918E-002
  4.482749556240250E-002
  4.482641558588935E-002
  4.482519161677233E-002
  4.482382365257161E-002
  4.482231168984798E-002
  4.482065572433108E-002
  4.481885575118100E-002
  4.481691176538142E-002
  4.481482376226877E-002
  4.481259173819269E-002
  4.481021569131102E-002
  4.480769562251762E-002
  4.480503153650353E-002
  4.480222344295248E-002
  4.479927135786855E-002
  4.479617530503796E-002
  4.479293531762355E-002
  4.478955143989440E-002
